6.13957103933 8.97789149188
8.4741074304 8.29538192653
7.22908682879 8.5790125259
9.35034908502 5.22167046272
6.66215185368 6.90096953179
3.7572552866 4.09040339521
4.97363635501 6.9092913752
7.49680109768 6.46335567114
5.65976123417 5.08171699452
8.13258358833 8.44488178297
6.28591107606 9.0953144434
9.18541224674 7.94490700991
5.3835587442 8.05888528315
3.43012318155 6.97348834733
6.70013912171 4.70770327492
6.83813336797 7.14823734358
5.6174978246 8.8142281574
6.85230907794 5.90478524791
3.24582083918 6.1297238615
6.31366690465 3.52118618841
4.04277701498 7.5762176939
9.29519199083 8.13688793416
4.91952842993 5.15245717682
7.92896988011 8.10271313805
7.66949743164 5.08571828198
5.1128120239 9.49942540429
4.79507109276 8.21198546678
5.08875794804 6.89051273907
4.09786898895 7.66388935496
8.84243645741 8.56273490781
6.45418247976 6.69347620524
4.25910208522 6.79680387869
3.60491669869 6.73490037571
3.58264873409 5.23728401166
3.85476439048 6.91542600853
6.86314006741 7.73177961089
7.87558925396 6.04067592614
3.67115131755 7.05259389067
5.02270746834 7.39430710454
9.74531896139 8.87179127704
5.42594133273 5.27873799509
9.40725828997 8.19807752614
5.42638916116 6.49727758934
7.13288255475 6.37098296718
9.57492505907 7.66298901695
3.50283729896 6.11225473307
8.56774034031 6.11161621993
8.62302950217 7.91889709251
7.91724104645 6.56342898886
3.62424491747 8.0402731167
3.66974396013 8.10823407782
3.8235359407 5.15291905229
4.73661385457 2.68146462298
8.1573932917 7.52612212949
4.38922838551 7.85058475457
3.34547402418 9.48094310725
9.94809168396 3.67177286553
5.53511255129 8.35173955337
3.27423925821 6.10718905076
4.5569384202 9.10450944063
9.48217937452 7.42216920141
3.0540168652 8.12001711514
6.95127029681 9.79640279513
8.4239212939 7.4841791638
9.06987482494 7.36525720788
4.00628803552 5.93457114336
4.43407124466 8.13969933179
5.97535960275 8.76932820246
8.24183395919 8.03041119484
9.00257396658 8.967595843
3.30591722984 5.77105701801
5.66247215339 7.4849976411
8.63064376757 7.76490388018
9.96584265651 8.51326337357
5.9620322511 7.96123144529
7.61441760434 8.20435576075
8.21695882085 6.48860294132
4.68852062429 8.14360292619
4.22568535648 7.02678463104
7.62247920998 8.63315875363
3.73634041947 8.00608839899
7.01943020867 8.62693161943
9.48848073101 8.31484413185
3.16646119582 6.13557599405
6.15181804467 6.97788588994
3.25554748666 7.07783072082
5.76460206151 8.67176591867
3.14086475477 7.98514958055
6.93881175855 5.15775782866
3.78785299141 7.00447146718
6.44490613622 8.23898935942
6.07119957256 10.0
3.74949476307 5.38958727955
6.85661589757 6.71271619305
8.56618110604 7.56649476713
9.31072960898 6.83594636734
9.18894544735 7.24981397431
9.91970198086 9.47895326612
7.17148656575 5.21223254165
